Árvore:
                    87
               85
          80
                    77
               75
     70
                    67
               65
          60
                    57
               55
50
               45
                    42
          40
                    37
               35
                    33
     30
                    27
               25
          20
                    15
               10
                    5

Pré-ordem: 50 30 20 10 5 15 25 27 40 35 33 37 45 42 70 60 55 57 65 67 80 75 77 85 87 
Em-ordem: 5 10 15 20 25 27 30 33 35 37 40 42 45 50 55 57 60 65 67 70 75 77 80 85 87
Pós-ordem: 5 15 10 27 25 20 33 37 35 42 45 40 30 57 55 67 65 60 77 75 87 85 80 70 50